id,transaction,useCase,transaction_length, boundry_num, control_num, entity_num, actor_num
1,stl#User:volunteer detail info-->User:volunteer detail info,search volunteer,2,0,0,1,0
2,stl#User:table of volunteer-->User:table of volunteer-->table of volunteer:display the specific volunteer information-->display the specific volunteer information:volunteer,search volunteer,4,0,1,2,0
3,stl#User:table of volunteer-->User:table of volunteer-->table of volunteer:display the specific volunteer information-->display the specific volunteer information:volunteer detail info,search volunteer,4,0,1,2,0
4,stl#User:search page-->User:search page-->search page:show table of volunteer based on criteria-->show table of volunteer based on criteria:local storage,search volunteer,4,1,0,2,0
5,stl#User:search page-->User:search page-->search page:show table of volunteer based on criteria-->show table of volunteer based on criteria:table of volunteer-->table of volunteer:display the specific volunteer information-->display the specific volunteer information:volunteer,search volunteer,6,1,1,3,0
6,stl#User:search page-->User:search page-->search page:show table of volunteer based on criteria-->show table of volunteer based on criteria:table of volunteer-->table of volunteer:display the specific volunteer information-->display the specific volunteer information:volunteer detail info,search volunteer,6,1,1,3,0
7,stl#User:search page-->User:search page-->search page:show table of volunteer based on criteria-->show table of volunteer based on criteria:volunteer,search volunteer,4,1,0,2,0
8,stl#User:"volunteeer info" link-->User:"volunteeer info" link-->"volunteeer info" link:show the criteria options for the search-->show the criteria options for the search:search page-->search page:show table of volunteer based on criteria-->show table of volunteer based on criteria:local storage,search volunteer,6,2,0,3,0
9,stl#User:"volunteeer info" link-->User:"volunteeer info" link-->"volunteeer info" link:show the criteria options for the search-->show the criteria options for the search:search page-->search page:show table of volunteer based on criteria-->show table of volunteer based on criteria:table of volunteer-->table of volunteer:display the specific volunteer information-->display the specific volunteer information:volunteer,search volunteer,8,2,1,4,0
10,stl#User:"volunteeer info" link-->User:"volunteeer info" link-->"volunteeer info" link:show the criteria options for the search-->show the criteria options for the search:search page-->search page:show table of volunteer based on criteria-->show table of volunteer based on criteria:table of volunteer-->table of volunteer:display the specific volunteer information-->display the specific volunteer information:volunteer detail info,search volunteer,8,2,1,4,0
11,stl#User:"volunteeer info" link-->User:"volunteeer info" link-->"volunteeer info" link:show the criteria options for the search-->show the criteria options for the search:search page-->search page:show table of volunteer based on criteria-->show table of volunteer based on criteria:volunteer,search volunteer,6,2,0,3,0
