[1] "apriori means"
     Simple_UC Average_UC Complex_UC
[1,]     5.654      9.888      14.14
[1] "apriori variance"
     Simple_UC Average_UC Complex_UC
[1,]   0.83708    0.06272    0.41315
[1] "normalized effort"
 [1]  24.487271 122.022370  19.750686  90.199628  41.616871  44.428147
 [7]  97.003490  23.114055  44.510922  47.190972  24.926058 272.308651
[13] 262.298996 152.434056 116.260633 265.889742 385.550421  90.013231
[19]  52.689442 349.467343 152.545930 137.113255 300.936192 578.533517
[25]  74.443295 132.935244  10.022980  19.418607  14.933147  41.975077
[31]   7.324137 179.576168 242.207471  43.331168
[1] "covariance matrix for apriori data"
            Simple_UC Average_UC Complex_UC
Simple_UC   1.0000000 -0.4374763  0.4966150
Average_UC -0.4374763  1.0000000  0.2956991
Complex_UC  0.4966150  0.2956991  1.0000000
[1] "variance-covariance matrix for apriori data"
           Simple_UC Average_UC Complex_UC
Simple_UC    0.83708   -0.10024    0.29205
Average_UC  -0.10024    0.06272    0.04760
Complex_UC   0.29205    0.04760    0.41315
[1] "weighted apriori calibrated parameters"
                [,1]
Simple_UC   47.18395
Average_UC 254.66978
Complex_UC -28.46994
[1] "residual variance"
[1] 15438.73
            Simple_UC Average_UC Complex_UC
Simple_UC  0.35203668 0.07513570 0.04987456
Average_UC 0.07513570 0.04534051 0.02435433
Complex_UC 0.04987456 0.02435433 0.02428956
           Simple_UC Average_UC Complex_UC
Simple_UC   4.556918  -5.473237  -3.869038
Average_UC -5.473237  54.372141 -43.278753
Complex_UC -3.869038 -43.278753  92.508541
[1] "regression calibrated parameters"
 Simple_UC Average_UC Complex_UC 
  5.066613  20.663243  -1.600847 
[1] "weighted regression calibrated parameters"
                [,1]
Simple_UC  3.2563394
Average_UC 1.2785780
Complex_UC 0.7170507
[1] "bayesian averaged coefficients"
                [,1]
Simple_UC   5.501328
Average_UC  9.898517
Complex_UC 14.049399
[1] "bayesian variance"
             Simple_UC  Average_UC Complex_UC
Simple_UC   0.63975921 -0.08200488 0.20824134
Average_UC -0.08200488  0.06074797 0.05453398
Complex_UC  0.20824134  0.05453398 0.37517674
    bayesian estimated     actual bayesian_residual   residual
1  138.10600 155.84727  24.487271       113.6187276 131.359997
2   72.60204 113.05265 122.022370        49.4203296   8.969718
3  206.39102 206.76378  19.750686       186.6403364 187.013099
4  107.04063 124.24353  90.199628        16.8410021  34.043902
5   40.69821  72.12296  41.616871         0.9186621  30.506084
6   76.75292  90.78856  44.428147        32.3247753  46.360415
7  106.69478 190.63901  97.003490         9.6912910  93.635520
8  325.23134 281.57262  23.114055       302.1172844 258.458561
9   70.39376 134.11268  44.510922        25.8828387  89.601762
10  91.14817  22.79223  47.190972        43.9571983  24.398737
11  65.75027  80.65534  24.926058        40.8242068  55.729277
12  51.70087  82.25618 272.308651       220.6077846 190.052468
13 177.18808 220.49550 262.298996        85.1109119  41.803501
14 216.30891 169.71033 152.434056        63.8748528  17.276277
15 175.51116 201.84358 116.260633        59.2505255  85.582944
16  61.35308  65.05871 265.889742       204.5366658 200.831037
17 383.61785 311.82589 385.550421         1.9325759  73.724531
18 110.10674  54.79276  90.013231        20.0935114  35.220469
19 142.09075  49.18295  52.689442        89.4013036   3.506489
20 105.69018  96.91283 349.467343       243.7771591 252.554516
21  70.41313  76.39599 152.545930        82.1327993  76.149941
22 101.21282 127.85570 137.113255        35.9004325   9.257553
23 140.82626 152.79198 300.936192       160.1099305 148.144213
24 171.11397 186.24695 578.533517       407.4195479 392.286570
25 154.03720 141.86517  74.443295        79.5939023  67.421878
26  33.84643  39.72564 132.935244        99.0888101  93.209605
27  20.90117  30.79647  10.022980        10.8781942  20.773489
28  99.02391  91.19904  19.418607        79.6053061  71.780433
29  20.90117  30.79647  14.933147         5.9680275  15.863323
30  43.74495  60.38888  41.975077         1.7698740  18.413805
31  20.90117  30.79647   7.324137        13.5770376  23.472333
32  83.09271 105.18113 179.576168        96.4834543  74.395034
33 140.82626 152.79198 242.207471       101.3812098  89.415492
34  36.30102  56.52633  43.331168         7.0301480  13.195158
[1] 87.99296
[1] 87.48259

Call:
lm(formula = norm_effort ~ Simple_UC + Average_UC + Complex_UC - 
    1, data = useCaseData)

Residuals:
    Min      1Q  Median      3Q     Max 
-258.46  -53.39  -14.53   74.23  392.29 

Coefficients:
           Estimate Std. Error t value Pr(>|t|)  
Simple_UC     5.067      2.216   2.287   0.0292 *
Average_UC   20.663      7.653   2.700   0.0111 *
Complex_UC   -1.601      9.982  -0.160   0.8736  
---
Signif. codes:  0 '***' 0.001 '**' 0.01 '*' 0.05 '.' 0.1 ' ' 1

Residual standard error: 129 on 31 degrees of freedom
Multiple R-squared:  0.5557,	Adjusted R-squared:  0.5127 
F-statistic: 12.93 on 3 and 31 DF,  p-value: 1.199e-05

[1] "bayesian testing set predication"
            Simple_UC Average_UC Complex_UC
Simple_UC  0.24585546 0.05354900 0.03438019
Average_UC 0.05354900 0.03877047 0.02052918
Complex_UC 0.03438019 0.02052918 0.01935432
               [,1]
Simple_UC  2.778697
Average_UC 1.135193
Complex_UC 0.658621
   predicted    actual
2   74.82495 122.02237
6   79.18918  44.42815
10  92.79834  47.19097
21  74.70224 152.54593
22 106.22040 137.11326
27  21.65340  10.02298
8  339.07496  23.11405
[1] 2.528753
[1] 0.0000000 0.1428571 0.2857143
[1] "apriori testing set predication"
   predicted    actual
2     73.476 122.02237
6     77.728  44.42815
10    91.896  47.19097
21    72.082 152.54593
22   103.166 137.11326
27    21.196  10.02298
8    330.750  23.11405
[1] 2.470567
[1] 0.0000000 0.1428571 0.2857143
[1] "regression testing set predication"
   predicted    actual
2  116.57442 122.02237
6   99.72419  44.42815
10  41.75139  47.19097
21  95.45238 152.54593
22 146.75972 137.11326
27  32.63354  10.02298
8  353.31995  23.11405
[1] 2.627281
[1] 0.4285714 0.4285714 0.5714286
[1] "bayesian testing set predication"
            Simple_UC Average_UC Complex_UC
Simple_UC  0.24559616 0.04710580 0.02433351
Average_UC 0.04710580 0.03041689 0.01432016
Complex_UC 0.02433351 0.01432016 0.01362030
                [,1]
Simple_UC  2.0654333
Average_UC 0.8043672
Complex_UC 0.3460927
   predicted    actual
18 110.38211  90.01323
5   40.74437  41.61687
30  43.74701  41.97508
11  65.86617  24.92606
32  83.12888 179.57617
17 384.51064 385.55042
29  20.95451  14.93315
[1] 0.4107043
[1] 0.4285714 0.5714286 0.7142857
[1] "apriori testing set predication"
   predicted    actual
18   111.680  90.01323
5     40.972  41.61687
30    43.804  41.97508
11    66.420  24.92606
32    83.374 179.57617
17   388.704 385.55042
29    21.196  14.93315
[1] 0.4182493
[1] 0.4285714 0.5714286 0.7142857
[1] "regression testing set predication"
   predicted    actual
18  35.51379  90.01323
5   75.39503  41.61687
30  59.49022  41.97508
11  78.79493  24.92606
32 101.89239 179.57617
17 269.83638 385.55042
29  31.56658  14.93315
[1] 0.8345871
[1] 0.0000000 0.0000000 0.4285714
[1] "bayesian testing set predication"
            Simple_UC Average_UC Complex_UC
Simple_UC  0.29749093 0.05732064 0.04022052
Average_UC 0.05732064 0.02497771 0.01613944
Complex_UC 0.04022052 0.01613944 0.01838103
                [,1]
Simple_UC  2.6205421
Average_UC 0.9382139
Complex_UC 0.5756433
   predicted    actual
9   70.44691  44.51092
33 140.72963 242.20747
3  206.62133  19.75069
7  106.75314  97.00349
14 216.44839 152.43406
13 177.38420 262.29900
[1] 1.884554
[1] 0.1666667 0.1666667 0.6666667
[1] "apriori testing set predication"
   predicted    actual
9     70.636  44.51092
33   144.164 242.20747
3    207.756  19.75069
7    107.374  97.00349
14   219.090 152.43406
13   178.056 262.29900
[1] 1.896002
[1] 0.1666667 0.1666667 0.6666667
[1] "regression testing set predication"
   predicted    actual
9   210.5193  44.51092
33  132.3181 242.20747
3   294.4458  19.75069
7   287.4895  97.00349
14  184.2011 152.43406
13  332.7593 262.29900
[1] 3.422027
[1] 0.0000000 0.1666667 0.5000000
[1] "bayesian testing set predication"
            Simple_UC Average_UC Complex_UC
Simple_UC  0.45755340 0.09456654 0.07040871
Average_UC 0.09456654 0.06029133 0.03344930
Complex_UC 0.07040871 0.03344930 0.03582379
                [,1]
Simple_UC  3.9039646
Average_UC 1.4645046
Complex_UC 0.8500584
   predicted     actual
28  94.07277  19.418607
34  35.49080  43.331168
1  134.76982  24.487271
31  20.35853   7.324137
24 166.12741 578.533517
20 105.03180 349.467343
15 170.80715 116.260633
[1] 1.741457
[1] 0.0000000 0.1428571 0.2857143
[1] "apriori testing set predication"
   predicted     actual
28   101.772  19.418607
34    36.738  43.331168
1    139.914  24.487271
31    21.196   7.324137
24   173.838 578.533517
20   106.000 349.467343
15   178.072 116.260633
[1] 1.846959
[1] 0.0000000 0.1428571 0.1428571
[1] "regression testing set predication"
   predicted     actual
28  97.12203  19.418607
34  51.64998  43.331168
1  141.14566  24.487271
31  28.52282   7.324137
24 173.51967 578.533517
20  74.92919 349.467343
15 185.85549 116.260633
[1] 1.990878
[1] 0.0000000 0.1428571 0.1428571
[1] "bayesian testing set predication"
            Simple_UC Average_UC Complex_UC
Simple_UC  0.27067526 0.07139265 0.05000110
Average_UC 0.07139265 0.04160197 0.02165402
Complex_UC 0.05000110 0.02165402 0.01968547
                [,1]
Simple_UC  2.5630396
Average_UC 1.1039554
Complex_UC 0.6548317
   predicted    actual
19 141.81770  52.68944
12  51.22991 272.30865
16  60.69875 265.88974
26  33.83639 132.93524
23 138.02107 300.93619
4  106.88164  90.19963
25 150.42922  74.44330
[1] 0.8239508
[1] 0.0000000 0.1428571 0.1428571
[1] "apriori testing set predication"
   predicted    actual
19   142.784  52.68944
12    52.280 272.30865
16    62.186 265.88974
26    33.916 132.93524
23   144.164 300.93619
4    107.402  90.19963
25   158.312  74.44330
[1] 0.8381704
[1] 0.0000000 0.1428571 0.1428571
[1] "regression testing set predication"
   predicted    actual
19  77.37999  52.68944
12  69.96695 272.30865
16  59.60729 265.88974
26  38.36724 132.93524
23 128.77284 300.93619
4  119.34972  90.19963
25 118.94431  74.44330
[1] 0.5988455
[1] 0.0000000 0.0000000 0.2857143
[1] "n fold cross validation results"
     bayesian_mmre bayesian_pred15 bayesian_pred25 bayesian_pred50 apriori_mmre
[1,]     2.5287530       0.0000000       0.1428571       0.2857143    2.4705666
[2,]     0.4107043       0.4285714       0.5714286       0.7142857    0.4182493
[3,]     1.8845540       0.1666667       0.1666667       0.6666667    1.8960018
[4,]     1.7414568       0.0000000       0.1428571       0.2857143    1.8469586
[5,]     0.8239508       0.0000000       0.1428571       0.1428571    0.8381704
     apriori_pred15 apriori_pred25 apriori_pred50 regression_mmre
[1,]      0.0000000      0.1428571      0.2857143       2.6272806
[2,]      0.4285714      0.5714286      0.7142857       0.8345871
[3,]      0.1666667      0.1666667      0.6666667       3.4220275
[4,]      0.0000000      0.1428571      0.1428571       1.9908782
[5,]      0.0000000      0.1428571      0.1428571       0.5988455
     regression_pred15 regression_pred25 regression_pred50
[1,]         0.4285714         0.4285714         0.5714286
[2,]         0.0000000         0.0000000         0.4285714
[3,]         0.0000000         0.1666667         0.5000000
[4,]         0.0000000         0.1428571         0.1428571
[5,]         0.0000000         0.0000000         0.2857143
    bayesian_mmre   bayesian_pred15   bayesian_pred25   bayesian_pred50 
       1.47788378        0.11904762        0.23333333        0.41904762 
     apriori_mmre    apriori_pred15    apriori_pred25    apriori_pred50 
       1.49398933        0.11904762        0.23333333        0.39047619 
  regression_mmre regression_pred15 regression_pred25 regression_pred50 
       1.89472379        0.08571429        0.14761905        0.38571429 
